Unit: dimensionless (% change),2019,2020,2021,2022,2023,2024,2025,2026,2027,2028,2029,2030,2031,2032,2033,2034,2035,2036,2037,2038,2039,2040,2041,2042,2043,2044,2045,2046,2047,2048,2049,2050
ISIC 01T03,0,0,0.0198,0.0195,0.0191,0.0187,0.0184,0.0180,0.0177,0.0174,0.0171,0.0168,0.0166,0.0163,0.0160,0.0158,0.0155,0.0153,0.0151,0.0148,0.0146,0.0144,0.0142,0.0140,0.0138,0.0136,0.0134,0.0133,0.0131,0.0129,0.0128,0.0126
ISIC 05,0,0,-0.0048,-0.0048,-0.0048,-0.0048,-0.0049,-0.0049,-0.0049,-0.0049,-0.0049,-0.0050,-0.0050,-0.0050,-0.0050,-0.0051,-0.0051,-0.0051,-0.0051,-0.0052,-0.0052,-0.0052,-0.0053,-0.0053,-0.0053,-0.0053,-0.0054,-0.0054,-0.0054,-0.0055,-0.0055,-0.0055
ISIC 06,0,0,-0.0048,-0.0048,-0.0048,-0.0048,-0.0049,-0.0049,-0.0049,-0.0049,-0.0049,-0.0050,-0.0050,-0.0050,-0.0050,-0.0051,-0.0051,-0.0051,-0.0051,-0.0052,-0.0052,-0.0052,-0.0053,-0.0053,-0.0053,-0.0053,-0.0054,-0.0054,-0.0054,-0.0055,-0.0055,-0.0055
ISIC 07T08,0,0,0.0271,0.0264,0.0257,0.0250,0.0244,0.0239,0.0233,0.0228,0.0223,0.0218,0.0213,0.0209,0.0204,0.0200,0.0196,0.0193,0.0189,0.0185,0.0182,0.0179,0.0176,0.0173,0.0170,0.0167,0.0164,0.0161,0.0159,0.0156,0.0154,0.0152
ISIC 09,0,0,0.0187,0.0183,0.0180,0.0177,0.0174,0.0171,0.0168,0.0165,0.0163,0.0160,0.0157,0.0155,0.0153,0.0150,0.0148,0.0146,0.0144,0.0142,0.0140,0.0138,0.0136,0.0134,0.0132,0.0131,0.0129,0.0127,0.0126,0.0124,0.0123,0.0121
ISIC 10T12,0,0,0.0337,0.0326,0.0315,0.0306,0.0297,0.0288,0.0280,0.0272,0.0265,0.0258,0.0252,0.0246,0.0240,0.0234,0.0229,0.0224,0.0219,0.0214,0.0210,0.0205,0.0201,0.0197,0.0193,0.0190,0.0186,0.0183,0.0180,0.0176,0.0173,0.0170
ISIC 13T15,0,0,0.0288,0.0280,0.0273,0.0265,0.0259,0.0252,0.0246,0.0240,0.0234,0.0229,0.0224,0.0219,0.0214,0.0210,0.0205,0.0201,0.0197,0.0194,0.0190,0.0186,0.0183,0.0180,0.0176,0.0173,0.0170,0.0168,0.0165,0.0162,0.0160,0.0157
ISIC 16,0,0,0.0292,0.0283,0.0276,0.0268,0.0261,0.0255,0.0248,0.0242,0.0236,0.0231,0.0226,0.0221,0.0216,0.0211,0.0207,0.0203,0.0199,0.0195,0.0191,0.0188,0.0184,0.0181,0.0178,0.0175,0.0172,0.0169,0.0166,0.0163,0.0161,0.0158
ISIC 17T18,0,0,0.0273,0.0265,0.0259,0.0252,0.0246,0.0240,0.0234,0.0229,0.0224,0.0219,0.0214,0.0210,0.0205,0.0201,0.0197,0.0193,0.0190,0.0186,0.0183,0.0180,0.0176,0.0173,0.0170,0.0168,0.0165,0.0162,0.0160,0.0157,0.0155,0.0152
ISIC 19,0,0,0.0136,0.0127,0.0118,0.0111,0.0104,0.0099,0.0093,0.0089,0.0084,0.0080,0.0077,0.0073,0.0070,0.0067,0.0065,0.0062,0.0060,0.0058,0.0056,0.0054,0.0052,0.0050,0.0049,0.0047,0.0046,0.0045,0.0043,0.0042,0.0041,0.0040
ISIC 20,0,0,0.0372,0.0359,0.0347,0.0335,0.0324,0.0314,0.0304,0.0295,0.0287,0.0279,0.0271,0.0264,0.0257,0.0251,0.0245,0.0239,0.0233,0.0228,0.0223,0.0218,0.0213,0.0209,0.0205,0.0201,0.0197,0.0193,0.0189,0.0186,0.0182,0.0179
ISIC 21,0,0,0.0347,0.0336,0.0325,0.0314,0.0305,0.0296,0.0287,0.0279,0.0272,0.0265,0.0258,0.0251,0.0245,0.0239,0.0234,0.0228,0.0223,0.0218,0.0214,0.0209,0.0205,0.0201,0.0197,0.0193,0.0189,0.0186,0.0182,0.0179,0.0176,0.0173
ISIC 22,0,0,0.0370,0.0356,0.0344,0.0333,0.0322,0.0312,0.0303,0.0294,0.0285,0.0277,0.0270,0.0263,0.0256,0.0250,0.0244,0.0238,0.0232,0.0227,0.0222,0.0217,0.0213,0.0208,0.0204,0.0200,0.0196,0.0192,0.0188,0.0185,0.0182,0.0178
ISIC 231,0,0,0.0241,0.0236,0.0230,0.0225,0.0220,0.0215,0.0211,0.0206,0.0202,0.0198,0.0194,0.0191,0.0187,0.0184,0.0180,0.0177,0.0174,0.0171,0.0168,0.0165,0.0163,0.0160,0.0158,0.0155,0.0153,0.0151,0.0148,0.0146,0.0144,0.0142
ISIC 239,0,0,0.0241,0.0236,0.0230,0.0225,0.0220,0.0215,0.0211,0.0206,0.0202,0.0198,0.0194,0.0191,0.0187,0.0184,0.0180,0.0177,0.0174,0.0171,0.0168,0.0165,0.0163,0.0160,0.0158,0.0155,0.0153,0.0151,0.0148,0.0146,0.0144,0.0142
ISIC 241,0,0,0.0108,0.0101,0.0094,0.0089,0.0083,0.0079,0.0075,0.0071,0.0068,0.0065,0.0062,0.0059,0.0057,0.0055,0.0052,0.0051,0.0049,0.0047,0.0045,0.0044,0.0043,0.0041,0.0040,0.0039,0.0038,0.0037,0.0036,0.0035,0.0034,0.0033
ISIC 242,0,0,0.0108,0.0101,0.0094,0.0089,0.0083,0.0079,0.0075,0.0071,0.0068,0.0065,0.0062,0.0059,0.0057,0.0055,0.0052,0.0051,0.0049,0.0047,0.0045,0.0044,0.0043,0.0041,0.0040,0.0039,0.0038,0.0037,0.0036,0.0035,0.0034,0.0033
ISIC 25,0,0,0.0351,0.0339,0.0328,0.0318,0.0308,0.0299,0.0290,0.0282,0.0274,0.0267,0.0260,0.0253,0.0247,0.0241,0.0235,0.0230,0.0225,0.0220,0.0215,0.0211,0.0206,0.0202,0.0198,0.0194,0.0191,0.0187,0.0184,0.0180,0.0177,0.0174
ISIC 26,0,0,0.0352,0.0340,0.0329,0.0319,0.0309,0.0300,0.0291,0.0283,0.0275,0.0268,0.0261,0.0254,0.0248,0.0242,0.0236,0.0231,0.0225,0.0220,0.0216,0.0211,0.0207,0.0203,0.0199,0.0195,0.0191,0.0187,0.0184,0.0181,0.0177,0.0174
ISIC 27,0,0,0.0353,0.0341,0.0330,0.0319,0.0309,0.0300,0.0291,0.0283,0.0275,0.0268,0.0261,0.0254,0.0248,0.0242,0.0236,0.0231,0.0226,0.0221,0.0216,0.0211,0.0207,0.0203,0.0199,0.0195,0.0191,0.0188,0.0184,0.0181,0.0178,0.0174
ISIC 28,0,0,0.0364,0.0351,0.0340,0.0328,0.0318,0.0308,0.0299,0.0290,0.0282,0.0274,0.0267,0.0260,0.0253,0.0247,0.0241,0.0236,0.0230,0.0225,0.0220,0.0215,0.0211,0.0206,0.0202,0.0198,0.0194,0.0191,0.0187,0.0184,0.0180,0.0177
ISIC 29,0,0,0.0375,0.0361,0.0348,0.0337,0.0326,0.0315,0.0306,0.0297,0.0288,0.0280,0.0272,0.0265,0.0258,0.0252,0.0246,0.0240,0.0234,0.0229,0.0224,0.0219,0.0214,0.0210,0.0205,0.0201,0.0197,0.0193,0.0190,0.0186,0.0183,0.0180
ISIC 30,0,0,0.0204,0.0197,0.0191,0.0185,0.0180,0.0175,0.0170,0.0165,0.0161,0.0157,0.0153,0.0149,0.0146,0.0142,0.0139,0.0136,0.0133,0.0130,0.0128,0.0125,0.0123,0.0120,0.0118,0.0116,0.0114,0.0111,0.0109,0.0108,0.0106,0.0104
ISIC 31T33,0,0,0.0377,0.0363,0.0351,0.0339,0.0328,0.0317,0.0308,0.0298,0.0290,0.0282,0.0274,0.0267,0.0260,0.0253,0.0247,0.0241,0.0235,0.0230,0.0225,0.0220,0.0215,0.0210,0.0206,0.0202,0.0198,0.0194,0.0190,0.0187,0.0183,0.0180
ISIC 351,0,0,0.0387,0.0372,0.0359,0.0347,0.0335,0.0324,0.0314,0.0304,0.0295,0.0287,0.0279,0.0271,0.0264,0.0257,0.0251,0.0245,0.0239,0.0233,0.0228,0.0223,0.0218,0.0213,0.0209,0.0205,0.0201,0.0197,0.0193,0.0189,0.0186,0.0182
ISIC 352T353,0,0,0.0387,0.0372,0.0359,0.0347,0.0335,0.0324,0.0314,0.0304,0.0295,0.0287,0.0279,0.0271,0.0264,0.0257,0.0251,0.0245,0.0239,0.0233,0.0228,0.0223,0.0218,0.0213,0.0209,0.0205,0.0201,0.0197,0.0193,0.0189,0.0186,0.0182
ISIC 36T39,0,0,0.0360,0.0347,0.0335,0.0325,0.0314,0.0305,0.0296,0.0287,0.0279,0.0272,0.0264,0.0258,0.0251,0.0245,0.0239,0.0234,0.0228,0.0223,0.0218,0.0214,0.0209,0.0205,0.0201,0.0197,0.0193,0.0189,0.0186,0.0182,0.0179,0.0176
ISIC 41T43,0,0,0.0285,0.0277,0.0270,0.0263,0.0256,0.0250,0.0244,0.0238,0.0232,0.0227,0.0222,0.0217,0.0212,0.0208,0.0204,0.0200,0.0196,0.0192,0.0188,0.0185,0.0182,0.0178,0.0175,0.0172,0.0169,0.0167,0.0164,0.0161,0.0159,0.0156
ISIC 45T47,0,0,0.0403,0.0387,0.0373,0.0359,0.0347,0.0335,0.0324,0.0314,0.0305,0.0296,0.0287,0.0279,0.0271,0.0264,0.0258,0.0251,0.0245,0.0239,0.0233,0.0228,0.0223,0.0218,0.0214,0.0209,0.0205,0.0201,0.0197,0.0193,0.0189,0.0186
ISIC 49T53,0,0,0.0108,0.0101,0.0094,0.0089,0.0083,0.0079,0.0075,0.0071,0.0068,0.0065,0.0062,0.0059,0.0057,0.0055,0.0052,0.0051,0.0049,0.0047,0.0045,0.0044,0.0043,0.0041,0.0040,0.0039,0.0038,0.0037,0.0036,0.0035,0.0034,0.0033
ISIC 55T56,0,0,0.0385,0.0371,0.0358,0.0345,0.0334,0.0323,0.0313,0.0303,0.0294,0.0286,0.0278,0.0270,0.0263,0.0257,0.0250,0.0244,0.0238,0.0233,0.0227,0.0222,0.0218,0.0213,0.0208,0.0204,0.0200,0.0196,0.0192,0.0189,0.0185,0.0182
ISIC 58T60,0,0,0.0440,0.0421,0.0404,0.0389,0.0374,0.0361,0.0348,0.0336,0.0325,0.0315,0.0305,0.0296,0.0288,0.0280,0.0272,0.0265,0.0258,0.0252,0.0245,0.0240,0.0234,0.0229,0.0224,0.0219,0.0214,0.0209,0.0205,0.0201,0.0197,0.0193
ISIC 61,0,0,0.0044,0.0041,0.0039,0.0037,0.0035,0.0033,0.0032,0.0030,0.0029,0.0028,0.0027,0.0025,0.0025,0.0024,0.0023,0.0022,0.0021,0.0021,0.0020,0.0019,0.0019,0.0018,0.0018,0.0017,0.0017,0.0016,0.0016,0.0016,0.0015,0.0015
ISIC 62T63,0,0,0.0278,0.0271,0.0264,0.0257,0.0250,0.0244,0.0239,0.0233,0.0228,0.0223,0.0218,0.0213,0.0209,0.0204,0.0200,0.0196,0.0193,0.0189,0.0185,0.0182,0.0179,0.0176,0.0173,0.0170,0.0167,0.0164,0.0161,0.0159,0.0156,0.0154
ISIC 64T66,0,0,0.0314,0.0304,0.0295,0.0287,0.0279,0.0271,0.0264,0.0257,0.0251,0.0245,0.0239,0.0233,0.0228,0.0223,0.0218,0.0213,0.0209,0.0205,0.0201,0.0197,0.0193,0.0189,0.0186,0.0182,0.0179,0.0176,0.0173,0.0170,0.0167,0.0164
ISIC 68,0,0,0.0363,0.0350,0.0338,0.0327,0.0317,0.0307,0.0298,0.0289,0.0281,0.0274,0.0266,0.0259,0.0253,0.0247,0.0241,0.0235,0.0230,0.0224,0.0220,0.0215,0.0210,0.0206,0.0202,0.0198,0.0194,0.0190,0.0187,0.0183,0.0180,0.0177
ISIC 69T82,0,0,0.0446,0.0427,0.0410,0.0394,0.0379,0.0365,0.0352,0.0340,0.0329,0.0318,0.0309,0.0299,0.0291,0.0282,0.0275,0.0267,0.0260,0.0254,0.0248,0.0242,0.0236,0.0230,0.0225,0.0220,0.0216,0.0211,0.0207,0.0202,0.0198,0.0195
ISIC 84,0,0,0.0377,0.0364,0.0351,0.0339,0.0328,0.0317,0.0308,0.0298,0.0290,0.0282,0.0274,0.0267,0.0260,0.0253,0.0247,0.0241,0.0235,0.0230,0.0225,0.0220,0.0215,0.0211,0.0206,0.0202,0.0198,0.0194,0.0190,0.0187,0.0183,0.0180
ISIC 85,0,0,0.0353,0.0341,0.0330,0.0319,0.0309,0.0300,0.0291,0.0283,0.0275,0.0268,0.0261,0.0254,0.0248,0.0242,0.0236,0.0231,0.0226,0.0221,0.0216,0.0211,0.0207,0.0203,0.0199,0.0195,0.0191,0.0187,0.0184,0.0181,0.0177,0.0174
ISIC 86T88,0,0,0.0487,0.0464,0.0444,0.0425,0.0408,0.0392,0.0377,0.0363,0.0351,0.0339,0.0328,0.0317,0.0307,0.0298,0.0290,0.0281,0.0274,0.0266,0.0260,0.0253,0.0247,0.0241,0.0235,0.0230,0.0225,0.0220,0.0215,0.0210,0.0206,0.0202
ISIC 90T96,0,0,0.0387,0.0373,0.0359,0.0347,0.0335,0.0324,0.0314,0.0304,0.0295,0.0287,0.0279,0.0271,0.0264,0.0257,0.0251,0.0245,0.0239,0.0233,0.0228,0.0223,0.0218,0.0213,0.0209,0.0205,0.0201,0.0197,0.0193,0.0189,0.0186,0.0182
ISIC 97T98,0,0,0.0342,0.0330,0.0320,0.0310,0.0301,0.0292,0.0283,0.0276,0.0268,0.0261,0.0255,0.0248,0.0242,0.0237,0.0231,0.0226,0.0221,0.0216,0.0212,0.0207,0.0203,0.0199,0.0195,0.0191,0.0188,0.0184,0.0181,0.0178,0.0175,0.0172
